4.23	666671
3.72	290
3.67	569
3.62	204
3.65	275
3.16	843
3.93	15
3.73	1366
3.72	1047
3.62	108
3.64	61
3.59	73
4.20	9668
4.07	12937
3.89	18262
4.18	7890
4.12	11489
4.16	6495
3.30	53
3.99	17234
4.13	5586
4.10	6400
4.08	4112
4.27	8500
4.20	5621
4.31	5717
4.21	6504
4.27	7696
4.04	4534
4.26	8653
4.08	5081
4.14	11670
4.31	6138
3.98	84144
3.47	2994
3.52	5114
3.56	3684
3.56	2457
3.60	2135
3.55	1909
3.93	6303
3.94	45320
3.39	1723
3.71	439
4.07	2032
4.19	81756
4.16	185
4.10	246
4.01	919
3.66	920
4.12	1800
3.52	2795
4.02	4448
3.64	595
3.65	1123
3.60	1604
3.68	1909
4.03	2023
4.02	3094
3.59	474
3.72	243
4.03	1201
4.05	988
4.06	2366
4.10	1464
4.10	2287
3.85	5425
4.17	62118
4.06	35104
4.18	79326
4.10	43641
4.11	46877
4.14	77488
4.16	83471
4.14	57901
4.11	38970
4.05	220
4.12	5540
4.10	5955
4.11	6750
3.96	2494
4.03	2148
4.20	7699
4.20	7015
4.18	9808
4.00	6276
4.13	9463
4.12	4141
4.19	6797
4.02	3076
3.95	824
3.90	642
3.89	752
3.71	14496
3.93	15
4.19	20190
4.02	83158
4.03	10026
4.01	5162
4.01	3367
3.66	2703
3.41	1980
3.90	41214
3.92	90043
4.21	601225
3.87	105009
3.83	57916
3.85	48314
3.85	6662
3.38	138
3.78	6393
3.85	6345
3.38	13
3.89	10038
3.67	563
3.87	299
3.60	101
3.63	807
3.77	306
3.82	362
3.82	413
3.64	181
3.38	34
3.72	6518
4.04	3155
3.87	3681
3.59	3632
3.76	807
3.79	109
3.85	965
3.90	1420
3.93	1657
3.81	2273
3.77	4822
3.86	1590
Not Found
4.15	349528
4.04	48574
Not Found
4.16	67825
4.14	36762
3.97	14308
3.94	24000
4.03	11613
3.98	16403
4.05	8251
4.15	2432
4.10	9861
4.07	3174
4.05	13924
4.00	5270
4.02	4207
3.99	13193
4.08	13412
3.90	773
4.05	14745
4.31	70978
4.24	118913
3.85	175
3.84	227
3.73	327
4.28	54859
4.33	96311
4.38	52819
4.54	82970
4.51	74652
4.37	52624
4.44	93656
4.32	101537
4.38	51507
4.03	137934
4.25	74893
4.18	119510
4.36	52478
4.42	89963
4.25	42523
4.56	60852
4.44	84864
4.02	248825
4.30	110210
4.45	78017
4.09	14798
4.41	91083
3.80	11092
3.58	50
3.55	42
3.77	35
3.70	30
3.96	1419
4.00	1262
3.83	2057
3.97	2249
4.14	2631
3.89	1920
3.96	2887
4.05	4739
4.35	2611
4.20	2886
3.99	4481
4.18	3688
4.18	3093
4.11	22569
3.84	74173
4.07	22205
3.98	2754
4.05	1152
4.17	110762
4.21	43769
4.22	50975
4.12	66506
4.30	29355
4.28	23807
4.28	36148
4.25	40148
3.84	164
4.00	11
4.13	13358
4.37	8065
4.30	8941
4.05	23071
4.41	6906
3.87	26291
3.81	506
3.35	276
3.90	136
3.79	164
3.66	1114
4.01	1054
3.97	1910
4.04	1220
4.32	3734
4.29	4038
4.20	4405
4.14	6099
4.16	1228
4.19	73867
4.18	29337
4.00	22178
4.27	93841
3.87	8682
4.08	246535
3.96	1114578
4.12	305666
4.51	370
3.94	12680
3.73	3359
3.92	11115
3.79	3376
3.78	7022
3.72	3203
3.26	1017
3.95	15226
3.73	2722
3.47	76
3.80	1061
3.84	561
3.77	538
4.19	53174
3.96	7113
4.26	29718
4.02	12899
4.00	9905
3.97	12742
3.86	11100
3.84	12837
4.18	72139
4.26	59382
4.26	5870
4.31	21432
3.97	20602
4.04	22743
3.93	7569
4.05	24389
4.29	23878
4.08	50713
4.02	15432
4.00	19771
4.03	9037
4.51	564230
4.29	102817
4.14	4158
3.80	1937
4.09	5727
4.04	5544
3.99	6372
3.63	12406
4.08	4515
3.87	28015
3.83	150
3.96	1039
3.87	1376
3.88	1126
4.00	891
3.87	2926
3.75	256
3.67	4496
4.03	108254
3.83	77385
4.13	86237
4.12	109925
4.24	181280
4.15	117681
4.22	191415
3.91	92033
4.22	145012
3.39	192
3.74	4534
4.15	194061
4.19	98400
4.31	64985
4.33	56292
4.23	41122
4.22	126411
4.22	48817
4.15	51256
3.98	15791
3.25	57
3.70	188
3.73	179
3.99	160
3.84	221
3.67	153
3.83	231
3.89	198
3.31	35
3.89	252
3.93	4507
4.19	3695
4.20	2128
3.79	540
3.78	2318
3.73	38919
4.00	23738
3.97	16673
4.00	21656
3.98	17532
4.03	16776
4.00	8375
3.75	3403
4.08	8864
3.99	14582
3.78	2269
3.81	2526
3.59	59
3.42	65
3.61	74
3.87	260
4.29	2164458
4.33	5629398
4.03	68970
4.02	119592
4.23	165954
3.99	266717
3.97	102414
4.10	117630
4.13	168460
4.15	63814
4.03	43498
4.17	54878
3.77	1848
4.08	974
4.13	561
4.17	160
4.03	217
3.80	610
3.96	274
4.09	716
4.12	396
4.03	225
4.08	256
4.06	320
3.60	257
3.66	1883661
